Objects: 10, Create: 0.06596088409423828, Update: 0.08841609954833984, Delete: 0.07718610763549805
Objects: 100, Create: 0.46886706352233887, Update: 0.6852407455444336, Delete: 0.4468870162963867
Objects: 500, Create: 1.4068360328674316, Update: 1.221958875656128, Delete: 0.9400730133056641
Objects: 1000, Create: 1.8547301292419434, Update: 1.8888359069824219, Delete: 2.094963312149048
